db 102, 116, 117, 98, 111, 101, 112, 33 ; linha 1
db 102, 116, 117, 98, 111, 101, 112, 33 ; linha 2
db 102, 116, 117, 98, 111, 101, 112, 33 ; linha 3
db 102, 116, 117, 98, 111, 101, 112, 33 ; linha 4
db 102, 116, 117, 98, 111, 101, 112, 33 ; linha 5
db 102, 116, 117, 98, 111, 101, 112, 33 ; linha 6
db 102, 116, 117, 98, 111, 101, 112, 33 ; linha 7
db 102, 116, 117, 98, 111, 101, 112, 33 ; linha 8
db 102, 116, 117, 98, 111, 101, 112, 33 ; linha 9
db 102, 116, 117, 98, 111, 101, 112, 33 ; linha 10
db 102, 116, 117, 98, 111, 101, 112, 33 ; linha 11
db 102, 116, 117, 98, 111, 101, 112, 33 ; linha 12
db 102, 116, 117, 98, 111, 101, 112, 33 ; linha 13
db 102, 116, 117, 98, 111, 101, 112, 33 ; linha 14
db 102, 116, 117, 98, 111, 101, 112, 33 ; linha 15
db 102, 116, 117, 98, 111, 101, 112, 33 ; linha 16
db 102, 116, 117, 98, 111, 101, 112, 33 ; linha 17
db 102, 116, 117, 98, 111, 101, 112, 33 ; linha 18
db 102, 116, 117, 98, 111, 101, 112, 33 ; linha 19
db 102, 116, 117, 98, 111, 101, 112, 33 ; linha 20
db 102, 116, 117, 98, 111, 101, 112, 33 ; linha 21
db 102, 116, 117, 98, 111, 101, 112, 33 ; linha 22
db 102, 116, 117, 98, 111, 101, 112, 33 ; linha 23
db 102, 116, 117, 98, 111, 101, 112, 33 ; linha 24
db 102, 116, 117, 98, 111, 101, 112, 33 ; linha 25
db 102, 116, 117, 98, 111, 101, 112, 33 ; linha 26
db 102, 116, 117, 98, 111, 101, 112, 33 ; linha 27
db 102, 116, 117, 98, 111, 101, 112, 33 ; linha 28
db 102, 116, 117, 98, 111, 101, 112, 33 ; linha 29
db 102, 116, 117, 98, 111, 101, 112, 33 ; linha 30
db 102, 116, 117, 98, 111, 101, 112, 33 ; linha 31
db 102, 116, 117, 98, 111, 101, 112, 33 ; linha 32
db 102, 116, 117, 98, 111, 101, 112, 33 ; linha 33
db 102, 116, 117, 98, 111, 101, 112, 33 ; linha 34
db 102, 116, 117, 98, 111, 101, 112, 33 ; linha 35
db 102, 116, 117, 98, 111, 101, 112, 33 ; linha 36
db 102, 116, 117, 98, 111, 101, 112, 33 ; linha 37
db 102, 116, 117, 98, 111, 101, 112, 33 ; linha 38
db 102, 116, 117, 98, 111, 101, 112, 33 ; linha 39
db 102, 116, 117, 98, 111, 101, 112, 33 ; linha 40
db 102, 116, 117, 98, 111, 101, 112, 33 ; linha 41
db 102, 116, 117, 98, 111, 101, 112, 33 ; linha 42
db 102, 116, 117, 98, 111, 101, 112, 33 ; linha 43
db 102, 116, 117, 98, 111, 101, 112, 33 ; linha 44
db 102, 116, 117, 98, 111, 101, 112, 33 ; linha 45
db 102, 116, 117, 98, 111, 101, 112, 33 ; linha 46
db 102, 116, 117, 98, 111, 101, 112, 33 ; linha 47
db 102, 116, 117, 98, 111, 101, 112, 33 ; linha 48
db 102, 116, 117, 98, 111, 101, 112, 33 ; linha 49
db 102, 116, 117, 98, 111, 101, 112, 33 ; linha 50
db 102, 116, 117, 98, 111, 101, 112, 33 ; linha 51
db 102, 116, 117, 98, 111, 101, 112, 33 ; linha 52
db 102, 116, 117, 98, 111, 101, 112, 33 ; linha 53
db 102, 116, 117, 98, 111, 101, 112, 33 ; linha 54
db 102, 116, 117, 98, 111, 101, 112, 33 ; linha 55
db 102, 116, 117, 98, 111, 101, 112, 33 ; linha 56
db 102, 116, 117, 98, 111, 101, 112, 33 ; linha 57
db 102, 116, 117, 98, 111, 101, 112, 33 ; linha 58
db 102, 116, 117, 98, 111, 101, 112, 33 ; linha 59
db 102, 116, 117, 98, 111, 101, 112, 33 ; linha 60
db 102, 116, 117, 98, 111, 101, 112, 33 ; linha 61
db 102, 116, 117, 98, 111, 101, 112, 33 ; linha 62
db 102, 116, 117, 98, 111, 101, 112, 33 ; linha 63
db 102, 116, 117, 98, 111, 101, 112, 33 ; linha 64
db 102, 116, 117, 98, 111, 101, 112, 33 ; linha 65
db 102, 116, 117, 98, 111, 101, 112, 33 ; linha 66
db 102, 116, 117, 98, 111, 101, 112, 33 ; linha 67
db 102, 116, 117, 98, 111, 101, 112, 33 ; linha 68
db 102, 116, 117, 98, 111, 101, 112, 33 ; linha 69
db 102, 116, 117, 98, 111, 101, 112, 33 ; linha 70
db 102, 116, 117, 98, 111, 101, 112, 33 ; linha 71
db 102, 116, 117, 98, 111, 101, 112, 33 ; linha 72
db 102, 116, 117, 98, 111, 101, 112, 33 ; linha 73
db 102, 116, 117, 98, 111, 101, 112, 33 ; linha 74
db 102, 116, 117, 98, 111, 101, 112, 33 ; linha 75
db 102, 116, 117, 98, 111, 101, 112, 33 ; linha 76
db 102, 116, 117, 98, 111, 101, 112, 33 ; linha 77
db 102, 116, 117, 98, 111, 101, 112, 33 ; linha 78
db 102, 116, 117, 98, 111, 101, 112, 33 ; linha 79
db 102, 116, 117, 98, 111, 101, 112, 33 ; linha 80
db 102, 116, 117, 98, 111, 101, 112, 33 ; linha 81
db 102, 116, 117, 98, 111, 101, 112, 33 ; linha 82
db 102, 116, 117, 98, 111, 101, 112, 33 ; linha 83
db 102, 116, 117, 98, 111, 101, 112, 33 ; linha 84
db 102, 116, 117, 98, 111, 101, 112, 33 ; linha 85
db 102, 116, 117, 98, 111, 101, 112, 33 ; linha 86
db 102, 116, 117, 98, 111, 101, 112, 33 ; linha 87
db 102, 116, 117, 98, 111, 101, 112, 33 ; linha 88
db 102, 116, 117, 98, 111, 101, 112, 33 ; linha 89
db 102, 116, 117, 98, 111, 101, 112, 33 ; linha 90
db 102, 116, 117, 98, 111, 101, 112, 33 ; linha 91
db 102, 116, 117, 98, 111, 101, 112, 33 ; linha 92
db 102, 116, 117, 98, 111, 101, 112, 33 ; linha 93
db 102, 116, 117, 98, 111, 101, 112, 33 ; linha 94
db 102, 116, 117, 98, 111, 101, 112, 33 ; linha 95
db 102, 116, 117, 98, 111, 101, 112, 33 ; linha 96
db 102, 116, 117, 98, 111, 101, 112, 33 ; linha 97
db 102, 116, 117, 98, 111, 101, 112, 33 ; linha 98
db 102, 116, 117, 98, 111, 101, 112, 33 ; linha 99
db 102, 116, 117, 98, 111, 101, 112, 33 ; linha 100
db 102, 116, 117, 98, 111, 101, 112, 33 ; linha 101
db 102, 116, 117, 98, 111, 101, 112, 33 ; linha 102
db 102, 116, 117, 98, 111, 101, 112, 33 ; linha 103
db 102, 116, 117, 98, 111, 101, 112, 33 ; linha 104
db 102, 116, 117, 98, 111, 101, 112, 33 ; linha 105
db 102, 116, 117, 98, 111, 101, 112, 33 ; linha 106
db 102, 116, 117, 98, 111, 101, 112, 33 ; linha 107
db 102, 116, 117, 98, 111, 101, 112, 33 ; linha 108
db 102, 116, 117, 98, 111, 101, 112, 33 ; linha 109
db 102, 116, 117, 98, 111, 101, 112, 33 ; linha 110
db 102, 116, 117, 98, 111, 101, 112, 33 ; linha 111
db 102, 116, 117, 98, 111, 101, 112, 33 ; linha 112
db 102, 116, 117, 98, 111, 101, 112, 33 ; linha 113
db 102, 116, 117, 98, 111, 101, 112, 33 ; linha 114
db 102, 116, 117, 98, 111, 101, 112, 33 ; linha 115
db 102, 116, 117, 98, 111, 101, 112, 33 ; linha 116
db 102, 116, 117, 98, 111, 101, 112, 33 ; linha 117
db 102, 116, 117, 98, 111, 101, 112, 33 ; linha 118
db 102, 116, 117, 98, 111, 101, 112, 33 ; linha 119
db 102, 116, 117, 98, 111, 101, 112, 33 ; linha 120
db 102, 116, 117, 98, 111, 101, 112, 33 ; linha 121
db 102, 116, 117, 98, 111, 101, 112, 33 ; linha 122
db 102, 116, 117, 98, 111, 101, 112, 33 ; linha 123
db 102, 116, 117, 98, 111, 101, 112, 33 ; linha 124
db 102, 116, 117, 98, 111, 101, 112, 33 ; linha 125
db 102, 116, 117, 98, 111, 101, 112, 33 ; linha 126
db 102, 116, 117, 98, 111, 101, 112, 33 ; linha 127
db 102, ; linha 128
